3 0.22333333333333333 0.1519444444444445 0.023888888888888894 0.026111111111111106
3 0.27861111111111114 0.5111111111111112 0.019999999999999928 0.03777777777777782
3 0.3077777777777778 0.747777777777778 0.04055555555555559 0.03888888888888893
3 0.12458333333333335 0.6319444444444444 0.023055555555555562 0.022777777777777786
3 0.1506944444444445 0.5311111111111111 0.021944444444444454 0.03888888888888893
1 0.8943055555555557 0.3336111111111112 0.008055555555555571 0.05166666666666666
1 0.8388888888888889 0.5775 0.005555555555555714 0.03611111111111107
1 0.75875 0.47361111111111115 0.016388888888888963 0.012777777777777822
1 0.83375 0.7744444444444445 0.014722222222222215 0.013333333333333286
1 0.6627777777777779 0.7677777777777779 0.015000000000000036 0.016666666666666607
1 0.77125 0.3275 0.006388888888888822 0.030555555555555537