3 0.29500000000000004 0.7180555555555557 0.011111111111111072 0.023888888888888894
3 0.34138888888888896 0.38055555555555565 0.008888888888888858 0.021111111111111126
3 0.3025 0.21944444444444447 0.012222222222222268 0.025555555555555554
3 0.12708333333333335 0.3991666666666667 0.014722222222222215 0.03055555555555558
3 0.2406944444444445 0.45972222222222225 0.008055555555555571 0.015000000000000036
1 0.7911111111111111 0.15250000000000002 0.020555555555555483 0.02944444444444443
1 0.8129166666666668 0.4083333333333334 0.01750000000000007 0.023333333333333296
1 0.9748611111111114 0.7622222222222224 0.008611111111111213 0.028888888888888964
1 0.8141666666666667 0.8724999999999999 0.0155555555555555 0.02055555555555557
1 0.6252777777777779 0.6163888888888889 0.018333333333333358 0.023888888888888894
1 0.5834722222222224 0.1663888888888889 0.014722222222222215 0.02055555555555557