3 0.15763888888888888 0.810277777777778 0.0125 0.0405555555555555
3 0.1370833333333334 0.8836111111111112 0.010277777777777785 0.03722222222222236
3 0.39208333333333345 0.7513888888888889 0.010833333333333339 0.043888888888888825
3 0.4479166666666667 0.7302777777777779 0.014722222222222215 0.06277777777777782
3 0.08555555555555557 0.6130555555555556 0.010555555555555563 0.03722222222222218
3 0.10166666666666666 0.5908333333333333 0.008333333333333337 0.03277777777777775
2 0.8184722222222224 0.3486111111111112 0.005833333333333357 0.015000000000000036
2 0.7795833333333333 0.36194444444444446 0.006944444444444464 0.015000000000000036
2 0.7059722222222223 0.3033333333333334 0.007499999999999929 0.01888888888888891
2 0.5801388888888889 0.32166666666666666 0.010277777777777785 0.01888888888888891
2 0.6434722222222223 0.3252777777777778 0.006388888888888822 0.015000000000000036