3 0.5369444444444444 0.2043055555555556 0.021666666666666678 0.011944444444444447
3 0.6166666666666668 0.1781944444444445 0.021111111111111035 0.011388888888888893
3 0.42777777777777776 0.2394444444444445 0.019999999999999928 0.011111111111111072
3 0.6158333333333333 0.3433333333333334 0.021666666666666678 0.011666666666666626
3 0.43083333333333346 0.27902777777777776 0.021666666666666678 0.013055555555555553
0 0.622777777777778 0.670277777777778 0.022222222222222143 0.01222222222222218
0 0.1619444444444445 0.7222222222222224 0.026111111111111106 0.01222222222222218
0 0.11611111111111112 0.7802777777777778 0.028888888888888874 0.017777777777777715
0 0.40027777777777784 0.8929166666666669 0.026111111111111106 0.013611111111111285
0 0.6605555555555556 0.8943055555555557 0.027777777777777856 0.013055555555555643
0 0.0727777777777778 0.8436111111111113 0.028888888888888898 0.012777777777777643