3 0.40805555555555567 0.13986111111111113 0.022777777777777786 0.014722222222222215
3 0.5075000000000001 0.11055555555555556 0.02833333333333332 0.011666666666666669
3 0.3375 0.0786111111111111 0.025 0.01499999999999999
3 0.19694444444444445 0.09958333333333336 0.02388888888888887 0.0125
3 0.7788888888888889 0.3472222222222222 0.025555555555555644 0.015000000000000036
5 0.5836111111111111 0.6115277777777779 0.01722222222222225 0.026944444444444392
5 0.32472222222222225 0.6098611111111112 0.01722222222222225 0.024166666666666715
5 0.4025 0.6747222222222223 0.019444444444444466 0.025
5 0.32777777777777783 0.7343055555555555 0.043333333333333356 0.014722222222222215
5 0.7344444444444445 0.7597222222222224 0.0155555555555555 0.02944444444444443
5 0.47055555555555567 0.8559722222222224 0.04222222222222225 0.011944444444444358