1 0.09125000000000001 0.42638888888888893 0.011944444444444447 0.018333333333333358
1 0.225 0.7316666666666668 0.00611111111111109 0.02444444444444436
1 0.36708333333333343 0.43916666666666665 0.008055555555555571 0.03277777777777775
1 0.2752777777777778 0.4822222222222222 0.012222222222222268 0.014444444444444393
1 0.20402777777777784 0.4025 0.010277777777777785 0.013888888888888928
1 0.3179166666666667 0.22694444444444448 0.010277777777777785 0.016111111111111142
2 0.8463888888888889 0.7325 0.011111111111111072 0.019444444444444466
2 0.95875 0.6886111111111111 0.006944444444444286 0.025
2 0.7655555555555555 0.7675000000000001 0.010555555555555606 0.016111111111111142
2 0.5268055555555555 0.8144444444444444 0.009722222222222143 0.023333333333333428
2 0.9679166666666669 0.8491666666666668 0.009722222222222143 0.017222222222222073