3 0.3522222222222222 0.5125 0.009999999999999964 0.025
3 0.3205555555555556 0.3308333333333334 0.010555555555555518 0.021666666666666678
3 0.1884722222222222 0.46194444444444444 0.009722222222222233 0.02055555555555557
3 0.18 0.32888888888888895 0.011666666666666669 0.025555555555555554
3 0.43597222222222226 0.7072222222222224 0.01416666666666675 0.032222222222222284
5 0.6834722222222224 0.2688888888888889 0.027500000000000035 0.022222222222222233
5 0.8134722222222225 0.4052777777777778 0.010833333333333427 0.040555555555555546
5 0.6970833333333333 0.3969444444444445 0.013611111111111107 0.028333333333333367
5 0.8136111111111113 0.7305555555555556 0.013333333333333286 0.04444444444444447
5 0.7554166666666668 0.7655555555555555 0.01861111111111118 0.032222222222222284
5 0.7180555555555557 0.9225 0.03111111111111118 0.027222222222222214